135.000,47.388,147.687,47.000,20.347,108.225,6.000,47.796,123.144,39.000,1.000
22.000,42.429,144.803,60.000,35.694,108.569,15.000,39.939,118.006,40.000,1.000
3.000,40.653,145.021,45.000,48.286,119.094,20.000,42.347,121.545,14.000,1.000
72.000,27.735,138.852,44.000,28.980,106.735,13.000,19.061,102.023,8.000,1.000
56.000,32.694,145.814,44.000,25.612,127.217,13.000,18.204,115.626,7.000,1.000
15.000,26.122,147.449,48.000,49.286,119.981,39.000,18.755,107.335,10.000,1.000
39.000,20.735,134.855,23.000,34.878,118.784,12.000,55.592,127.397,25.000,1.000
0.000,17.796,129.584,20.000,9.490,98.785,6.000,18.531,107.485,7.000,1.000
81.000,72.837,140.201,43.000,43.224,114.139,17.000,25.163,126.579,22.000,1.000
145.000,52.551,142.072,70.000,54.408,123.568,50.000,34.306,117.971,20.000,1.000
135.000,29.653,128.192,34.000,25.143,106.522,8.000,35.020,115.905,15.000,1.000
87.000,41.184,139.491,43.000,34.796,114.611,16.000,34.796,117.064,18.000,1.000
75.000,37.082,139.109,45.000,38.878,119.356,31.000,25.306,110.914,9.000,1.000
81.000,73.898,142.947,53.000,60.633,119.053,20.000,51.694,116.277,17.000,1.000
70.000,78.388,150.627,76.000,45.510,110.074,18.000,77.184,121.874,56.000,1.000
170.000,45.306,146.040,47.000,51.388,120.106,48.000,24.265,105.234,7.000,1.000
40.000,24.347,121.378,24.000,22.959,105.561,20.000,13.531,103.597,6.000,1.000
193.000,57.000,137.953,60.000,51.265,117.484,19.000,30.306,109.293,12.000,1.000
138.000,44.143,148.817,48.000,56.898,123.839,35.000,30.551,111.062,8.000,1.000
17.000,17.796,118.948,11.000,8.163,95.390,2.000,18.265,111.299,12.000,1.000
90.000,51.776,145.984,56.000,35.020,117.776,29.000,29.347,116.195,10.000,1.000
0.000,18.082,136.097,34.000,22.429,111.075,19.000,22.551,115.461,18.000,1.000
84.000,39.510,148.776,61.000,30.918,114.297,10.000,35.122,113.101,13.000,1.000
62.000,53.980,145.923,60.000,52.143,126.130,24.000,39.959,111.284,16.000,1.000
0.000,77.265,150.984,80.000,52.796,127.644,53.000,56.490,122.706,22.000,1.000
43.000,14.735,116.912,4.000,13.714,99.095,4.000,31.143,111.177,14.000,1.000
4.000,10.531,116.746,8.000,12.755,99.163,4.000,14.367,113.039,6.000,1.000
3.000,51.837,145.585,63.000,37.163,110.203,17.000,34.694,113.200,21.000,1.000
53.000,35.265,131.382,28.000,34.469,113.222,14.000,27.735,111.761,18.000,1.000
12.000,15.939,137.193,37.000,13.122,100.034,2.000,16.245,104.327,8.000,1.000
180.000,97.531,144.912,71.000,81.776,120.378,29.000,83.388,121.968,29.000,1.000
42.000,15.469,145.232,35.000,41.041,130.935,53.000,22.776,105.038,6.000,1.000
89.000,71.694,148.655,79.000,70.469,127.639,82.000,63.000,123.940,40.000,1.000
107.000,38.939,147.328,45.000,62.592,125.501,25.000,26.776,109.496,10.000,1.000
33.000,20.694,137.724,27.000,12.714,97.679,4.000,17.367,109.792,15.000,1.000
63.000,50.633,136.871,37.000,21.490,102.849,6.000,43.408,121.665,24.000,1.000
206.000,46.408,147.604,44.000,71.286,123.265,25.000,50.776,120.385,13.000,1.000
65.000,73.980,144.876,65.000,76.020,122.718,84.000,44.020,112.785,14.000,1.000
242.000,60.061,142.832,56.000,67.286,117.358,22.000,53.714,121.721,16.000,1.000
56.000,69.204,133.987,59.000,43.061,120.120,27.000,55.449,119.131,16.000,1.000
136.000,31.898,150.241,49.000,15.714,103.729,4.000,34.959,116.038,24.000,1.000
93.000,26.939,128.819,28.000,15.571,98.728,2.000,26.388,111.314,21.000,1.000
170.000,55.469,139.916,44.000,84.082,120.911,64.000,47.000,115.489,15.000,1.000
179.000,71.796,144.463,84.000,66.673,118.537,29.000,60.735,119.799,30.000,1.000
95.000,51.122,149.961,71.000,54.776,130.510,28.000,41.347,119.791,22.000,1.000
0.000,12.878,119.663,15.000,4.653,84.372,0.000,8.612,97.110,1.000,1.000
26.000,9.388,132.858,29.000,8.286,104.109,2.000,14.347,108.462,14.000,1.000
0.000,31.408,124.886,38.000,22.367,121.130,39.000,16.061,104.148,4.000,1.000
170.000,66.571,144.700,62.000,40.857,112.628,17.000,33.408,113.184,11.000,1.000
55.000,40.347,137.679,43.000,17.143,98.580,7.000,55.020,119.104,35.000,1.000
6.000,4.694,111.529,4.000,4.306,83.028,0.000,6.857,99.994,2.000,1.000
91.000,38.143,139.542,53.000,19.837,109.390,9.000,46.408,124.508,54.000,1.000
16.000,18.122,136.366,32.000,18.408,97.495,6.000,21.408,99.712,8.000,1.000
45.000,38.673,142.888,63.000,20.694,105.514,6.000,27.122,127.221,30.000,1.000
49.000,49.510,146.073,57.000,25.224,113.368,5.000,30.408,115.193,28.000,1.000
43.000,20.041,134.763,48.000,21.939,116.092,12.000,38.837,122.185,26.000,1.000
6.000,27.837,140.271,49.000,14.816,97.885,6.000,11.837,116.184,30.000,1.000
35.000,34.714,139.571,45.000,17.673,117.743,24.000,21.980,104.880,9.000,1.000
188.000,63.122,153.876,77.000,56.204,122.611,17.000,89.143,125.292,63.000,1.000
5.000,22.347,125.968,20.000,43.347,118.367,37.000,25.163,114.071,11.000,1.000
54.000,35.939,147.353,69.000,23.388,116.962,25.000,48.592,120.520,35.000,1.000
0.000,37.367,144.428,52.000,14.531,115.166,7.000,19.000,109.050,7.000,1.000
0.000,22.020,134.562,35.000,19.429,114.711,12.000,18.653,109.312,6.000,1.000
10.000,6.612,105.867,3.000,4.959,87.614,0.000,13.959,103.914,10.000,1.000
24.000,15.857,138.654,32.000,14.531,105.619,6.000,7.000,93.962,1.000,1.000
59.000,21.959,134.768,35.000,13.878,95.201,5.000,23.653,106.265,14.000,1.000
149.000,55.449,149.092,77.000,52.224,118.985,23.000,26.388,109.544,8.000,1.000
24.000,44.224,148.813,51.000,23.776,110.352,13.000,28.061,118.247,13.000,1.000
0.000,13.163,124.327,15.000,11.041,95.164,3.000,13.571,96.229,4.000,1.000
35.000,26.592,142.281,32.000,36.939,119.967,29.000,17.286,114.288,6.000,1.000
0.000,23.143,134.376,32.000,16.184,105.742,5.000,14.796,104.524,6.000,1.000
60.000,23.429,127.832,28.000,51.469,123.591,25.000,27.245,113.775,10.000,1.000
63.000,50.469,139.754,48.000,36.449,127.852,42.000,20.673,109.970,7.000,1.000
43.000,20.102,133.063,31.000,32.000,119.086,27.000,12.959,95.172,1.000,1.000
64.000,31.367,136.571,39.000,63.204,119.029,53.000,22.878,110.247,10.000,1.000
101.000,57.653,145.977,36.000,35.388,121.301,31.000,42.388,116.426,16.000,1.000
15.000,47.959,141.752,59.000,36.163,117.570,13.000,45.204,117.646,17.000,1.000
5.000,27.388,137.327,41.000,24.265,109.366,9.000,22.224,112.039,9.000,1.000
16.000,18.245,125.403,28.000,13.347,108.427,13.000,14.510,107.686,14.000,1.000
71.000,80.490,151.343,95.000,50.857,123.055,23.000,36.102,127.044,44.000,1.000
21.000,20.898,128.413,25.000,15.041,102.221,3.000,23.735,108.931,9.000,1.000
160.000,72.143,141.170,64.000,96.469,124.829,64.000,58.980,116.455,21.000,1.000
28.000,17.041,141.549,38.000,38.796,120.398,34.000,27.918,114.854,11.000,1.000
33.000,59.020,147.144,57.000,38.918,118.513,25.000,33.816,114.446,20.000,1.000
23.000,53.918,147.681,62.000,42.939,114.803,13.000,45.714,115.005,26.000,1.000
3.000,7.449,109.133,4.000,3.531,85.691,0.000,6.837,91.859,6.000,1.000
229.000,72.408,143.065,53.000,69.163,123.304,30.000,73.490,120.603,27.000,1.000
216.000,153.694,152.544,102.000,135.673,127.405,54.000,114.510,130.037,31.000,1.000
105.000,60.286,149.779,97.000,81.776,131.863,45.000,80.735,130.734,28.000,1.000
48.000,23.061,129.025,35.000,34.082,120.758,12.000,25.143,114.832,12.000,1.000
0.000,14.918,123.538,12.000,7.714,94.584,2.000,14.388,113.316,8.000,1.000
169.000,35.000,132.452,48.000,32.469,107.596,13.000,74.408,120.770,72.000,1.000
22.000,17.347,114.852,12.000,28.694,111.352,8.000,27.122,113.435,11.000,1.000
80.000,26.347,143.378,45.000,27.449,122.102,41.000,12.224,100.116,3.000,1.000
31.000,67.531,142.477,86.000,35.388,116.426,11.000,37.449,117.268,31.000,1.000
87.000,39.184,131.228,39.000,31.510,117.750,29.000,18.612,104.597,4.000,1.000
37.000,32.061,142.129,61.000,14.143,104.727,6.000,31.857,114.922,18.000,1.000
12.000,48.776,147.367,62.000,16.449,106.422,11.000,30.020,112.226,15.000,1.000
212.000,49.469,151.562,64.000,48.898,116.937,23.000,28.347,107.683,10.000,1.000
62.000,63.347,145.067,69.000,50.694,121.115,21.000,33.122,112.977,12.000,1.000
0.000,2.306,94.052,0.000,2.490,82.694,0.000,2.082,74.242,0.000,0.000
3.000,3.061,95.266,0.000,4.510,86.415,0.000,1.367,85.632,0.000,0.000
3.000,2.959,91.805,0.000,3.633,82.917,0.000,1.347,70.469,0.000,0.000
0.000,5.122,93.167,0.000,4.694,83.633,0.000,4.000,79.617,0.000,0.000
0.000,3.551,90.120,0.000,1.531,70.410,0.000,3.245,77.002,0.000,0.000
3.000,1.633,88.551,0.000,2.102,76.956,0.000,2.694,84.068,0.000,0.000
3.000,2.776,89.061,0.000,3.939,83.917,0.000,3.673,78.585,0.000,0.000
3.000,3.735,92.946,0.000,2.041,88.010,0.000,4.571,81.912,0.000,0.000
0.000,4.939,102.784,0.000,3.755,85.713,0.000,3.898,85.369,0.000,0.000
2.000,4.490,96.073,0.000,2.102,73.921,0.000,2.694,85.085,0.000,0.000
11.000,2.694,110.142,2.000,2.673,83.499,0.000,2.531,82.507,0.000,0.000
0.000,3.612,98.162,1.000,2.469,76.734,0.000,2.204,101.115,2.000,0.000
12.000,10.327,107.013,0.000,11.551,95.144,1.000,10.020,99.609,2.000,0.000
2.000,4.102,141.498,26.000,3.061,80.498,0.000,2.878,89.522,3.000,0.000
0.000,1.204,88.619,0.000,2.286,80.501,0.000,2.163,77.103,0.000,0.000
17.000,7.837,112.133,4.000,7.367,92.866,0.000,7.020,83.651,0.000,0.000
0.000,3.653,93.544,0.000,2.551,82.998,0.000,4.082,82.669,0.000,0.000
0.000,1.898,96.211,0.000,2.184,75.562,0.000,2.102,76.129,0.000,0.000
0.000,3.918,101.146,0.000,1.143,62.819,0.000,1.653,69.181,0.000,0.000
7.000,2.510,84.956,0.000,3.490,79.454,0.000,3.776,80.116,0.000,0.000
0.000,1.592,131.921,14.000,4.286,79.493,0.000,3.122,81.870,0.000,0.000
0.000,2.531,90.809,0.000,4.959,86.158,0.000,2.469,77.181,0.000,0.000
0.000,1.408,81.923,0.000,1.592,67.899,0.000,0.878,70.191,0.000,0.000
6.000,3.184,86.779,0.000,2.898,81.896,0.000,1.816,74.587,0.000,0.000
0.000,3.347,90.421,0.000,6.449,92.739,0.000,3.857,81.518,0.000,0.000
11.000,4.163,93.462,0.000,2.837,82.025,0.000,4.694,86.678,0.000,0.000
4.000,3.449,91.896,0.000,2.265,79.719,0.000,1.939,82.067,0.000,0.000
0.000,3.796,95.055,0.000,4.469,82.726,0.000,3.306,79.172,0.000,0.000
9.000,2.898,90.248,0.000,2.000,77.958,0.000,1.469,78.746,0.000,0.000
0.000,3.714,99.935,0.000,3.918,79.890,0.000,2.898,80.822,0.000,0.000
27.000,3.633,98.837,0.000,5.163,87.520,0.000,4.551,87.632,0.000,0.000
0.000,5.265,94.063,0.000,4.918,79.595,0.000,6.327,83.107,0.000,0.000
0.000,2.082,90.708,0.000,1.224,80.747,0.000,1.204,61.854,0.000,0.000
20.000,3.592,92.247,0.000,1.714,80.574,0.000,2.918,83.693,0.000,0.000
0.000,3.306,97.124,0.000,2.571,71.173,0.000,5.041,77.386,0.000,0.000
0.000,2.959,89.679,0.000,3.490,87.092,0.000,3.531,75.998,0.000,0.000
0.000,3.980,94.904,1.000,2.612,82.682,0.000,2.755,81.846,0.000,0.000
2.000,2.653,91.439,0.000,2.571,78.301,0.000,2.122,70.812,0.000,0.000
0.000,1.347,108.943,1.000,2.449,88.173,0.000,2.796,82.436,0.000,0.000
3.000,1.531,80.730,0.000,1.327,71.037,0.000,1.388,66.963,0.000,0.000
3.000,2.918,92.629,0.000,2.959,76.911,0.000,1.816,81.199,0.000,0.000
0.000,2.429,90.669,0.000,1.816,83.964,1.000,2.653,81.166,0.000,0.000
17.000,3.735,130.109,15.000,2.347,83.611,0.000,3.204,84.344,0.000,0.000
0.000,0.918,94.257,0.000,3.000,82.018,0.000,2.939,80.640,0.000,0.000
18.000,3.102,138.958,37.000,5.224,111.527,4.000,4.000,114.978,13.000,0.000
3.000,2.735,90.460,0.000,4.429,80.334,0.000,3.694,81.158,0.000,0.000
0.000,4.041,133.308,12.000,1.918,76.353,0.000,2.367,88.872,4.000,0.000
1.000,1.878,96.271,1.000,7.327,95.419,1.000,6.776,87.505,0.000,0.000
0.000,1.755,87.453,0.000,0.449,68.184,0.000,2.449,81.025,0.000,0.000
0.000,2.327,83.270,0.000,1.265,68.750,0.000,2.735,79.011,0.000,0.000
0.000,2.714,95.037,0.000,3.469,83.747,0.000,1.286,77.561,0.000,0.000
19.000,3.347,95.728,1.000,2.531,79.831,0.000,3.918,86.616,0.000,0.000
12.000,1.347,88.343,0.000,2.837,76.347,0.000,2.245,72.727,0.000,0.000
8.000,10.959,110.391,7.000,8.082,96.329,1.000,7.898,88.577,0.000,0.000
2.000,0.163,72.137,0.000,0.327,58.165,0.000,0.327,55.788,0.000,0.000
8.000,3.224,88.188,0.000,2.245,79.269,0.000,2.959,81.091,0.000,0.000
0.000,3.327,93.511,1.000,3.571,81.032,0.000,3.755,83.824,0.000,0.000
0.000,3.673,89.305,0.000,2.612,75.867,0.000,2.694,79.561,0.000,0.000
0.000,2.224,93.370,0.000,2.980,85.003,0.000,2.388,82.158,0.000,0.000
0.000,5.245,90.431,0.000,2.816,77.646,0.000,4.592,81.231,0.000,0.000
0.000,3.776,99.072,0.000,2.000,74.764,0.000,0.735,69.623,0.000,0.000
2.000,5.367,90.519,0.000,6.571,85.875,0.000,4.735,79.253,0.000,0.000
0.000,3.224,87.554,0.000,3.959,80.656,0.000,4.102,83.677,0.000,0.000
0.000,3.959,96.179,1.000,3.102,81.063,0.000,3.694,91.375,1.000,0.000
0.000,3.224,91.363,1.000,2.306,82.482,0.000,2.694,76.774,0.000,0.000
0.000,1.653,90.079,0.000,2.857,80.884,0.000,3.082,85.442,0.000,0.000
1.000,5.388,102.776,1.000,4.857,87.567,1.000,2.857,79.181,0.000,0.000
0.000,2.020,88.724,0.000,1.449,73.062,0.000,0.633,76.681,0.000,0.000
0.000,3.857,116.311,6.000,3.796,113.700,6.000,3.102,91.888,0.000,0.000
0.000,2.592,123.006,7.000,1.490,75.301,0.000,1.510,116.662,6.000,0.000
1.000,2.143,92.072,0.000,3.490,75.874,0.000,4.245,84.168,0.000,0.000
7.000,2.082,93.811,0.000,2.020,79.744,0.000,1.388,74.679,0.000,0.000
0.000,2.510,141.282,30.000,4.388,81.713,0.000,2.653,114.720,8.000,0.000
11.000,2.408,138.865,19.000,4.735,80.086,0.000,4.531,107.568,10.000,0.000
0.000,2.367,93.784,0.000,1.551,74.982,0.000,2.776,76.148,0.000,0.000
0.000,1.633,80.933,0.000,1.735,77.263,0.000,3.184,85.457,0.000,0.000
0.000,3.204,92.231,0.000,2.776,77.774,0.000,2.612,80.979,0.000,0.000
8.000,4.020,91.067,0.000,2.612,73.407,0.000,4.286,78.209,0.000,0.000
4.000,3.918,91.557,0.000,1.796,75.825,0.000,3.286,81.427,0.000,0.000
3.000,2.490,95.625,0.000,5.918,90.771,0.000,2.837,90.103,1.000,0.000
12.000,1.224,86.986,0.000,2.122,76.622,0.000,1.878,68.477,0.000,0.000
2.000,2.939,93.169,0.000,3.551,80.302,0.000,2.898,77.878,0.000,0.000
0.000,2.714,93.372,0.000,3.449,81.921,0.000,3.122,83.398,0.000,0.000
33.000,2.816,96.951,0.000,3.796,95.454,1.000,4.816,87.850,1.000,0.000
4.000,2.041,87.807,0.000,3.245,74.202,0.000,3.776,81.165,0.000,0.000
0.000,1.469,83.264,0.000,3.980,82.723,0.000,1.531,73.824,0.000,0.000
4.000,3.184,93.570,0.000,2.633,75.703,0.000,5.265,89.821,1.000,0.000
0.000,1.388,91.523,0.000,2.531,81.307,0.000,2.878,80.831,0.000,0.000
0.000,5.041,92.674,0.000,3.490,84.467,0.000,3.551,83.878,0.000,0.000
6.000,4.449,92.854,0.000,4.735,80.353,0.000,4.939,85.655,0.000,0.000
0.000,3.245,86.540,0.000,1.531,85.648,0.000,1.653,75.102,0.000,0.000
0.000,0.449,79.292,0.000,0.837,62.540,0.000,0.327,58.639,0.000,0.000
0.000,3.939,86.304,0.000,2.510,81.568,0.000,2.041,74.334,0.000,0.000
7.000,3.755,95.189,1.000,3.449,83.457,0.000,3.612,81.558,0.000,0.000
19.000,2.102,94.533,0.000,1.204,76.543,0.000,1.469,73.553,0.000,0.000
0.000,2.327,88.071,0.000,3.245,81.822,0.000,2.469,80.805,0.000,0.000
14.000,3.163,89.135,0.000,3.347,77.265,0.000,3.265,78.676,0.000,0.000
0.000,4.163,95.116,0.000,4.490,88.375,0.000,6.020,92.917,0.000,0.000
0.000,3.612,98.924,1.000,3.857,86.326,0.000,4.204,84.697,0.000,0.000
0.000,1.163,87.723,0.000,1.082,73.968,0.000,1.837,72.247,0.000,0.000
